18
1 96 2
2 96 2
3 96 2
4 96 2
5 96 2
6 96 2
7 96 2
8 96 2
9 96 2
10 96 2
11 96 2
12 96 2
13 96 2
14 96 2
15 96 2
16 96 2
17 96 2
18 96 2

66
1 4
1 10
2 6
3 3
4 8

2 3
1 3
2 5
3 6

3 4
1 7
2 3
3 3
4 4

4 4
1 8
2 7
3 10
4 5

5 4
1 7
2 3
3 2
4 3

6 4
1 9
2 8
3 6
4 7

7 4
1 7
2 1
3 6
4 5

8 4
1 4
2 5
3 2
4 4

9 4
1 4
2 3
3 2
4 2

10 4
1 1
2 5
3 3
4 2

11 4
1 3
2 3
3 6
4 6

12 4
1 1
2 5
3 4
4 14

13 4
1 6
2 2
3 7
4 6

14 4
1 3
2 2
3 6
4 3

15 4
1 2
2 2
3 11
4 1

16 4
1 3
2 0
3 3
4 5

17 3
1 3
2 7
3 9

18 4
1 5
2 1
3 2
4 4

19 3
1 6
2 10
3 10

20 4
1 4
2 6
3 6
4 2

21 4
1 4
2 4
3 7
4 3

22 4
1 6
2 5
3 6
4 3

23 4
1 2
2 3
3 4
4 6

24 4
1 4
2 3
3 5
4 3

25 4
1 3
2 6
3 5
4 4

26 3
1 6
2 9
3 8

27 4
1 6
2 2
3 6
4 3

28 2
1 15
2 7

29 4
1 2
2 3
3 3
4 3

30 4
1 6
2 8
3 4
4 6

31 3
1 9
2 7
3 10

32 4
1 4
2 3
3 4
4 2

33 3
1 10
2 7
3 6

34 4
1 6
2 6
3 5
4 4

35 4
1 8
2 8
3 8
4 5

36 2
1 6
2 5

37 4
1 6
2 8
3 7
4 7

38 3
1 10
2 5
3 10

39 4
1 4
2 5
3 3
4 1

40 4
1 5
2 1
3 1
4 5

41 4
1 3
2 2
3 3
4 2

42 3
1 11
2 5
3 9

43 4
1 5
2 2
3 7
4 2

44 4
1 6
2 5
3 6
4 3

45 4
1 3
2 4
3 7
4 6

46 4
1 6
2 10
3 4
4 5

47 4
1 8
2 6
3 6
4 5

48 3
1 5
2 10
3 5

49 4
1 6
2 6
3 3
4 7

50 4
1 7
2 9
3 8
4 5

51 4
1 4
2 6
3 7
4 7

52 3
1 5
2 5
3 7

53 4
1 5
2 8
3 4
4 4

54 4
1 10
2 7
3 3
4 9

55 4
1 12
2 4
3 5
4 7

56 4
1 6
2 1
3 4
4 9

57 3
1 6
2 4
3 5

58 2
1 10
2 3

59 4
1 2
2 7
3 8
4 6

60 2
1 11
2 11

61 1
1 24

62 4
1 3
2 5
3 7
4 4

63 4
1 10
2 4
3 8
4 5

64 4
1 9
2 2
3 3
4 7

65 2
1 7
2 10

66 4
1 4
2 11
3 3
4 5

---

SEED 563472716
POPULATION: F= 46       generacja: 339  czas: 35.1587495803833 s
Problem:  DDAP  Liczba chromosomów:  70         P. krosowania: 0.75     P. mutacji: 0.05