18
1 96 2
2 96 2
3 96 2
4 96 2
5 96 2
6 96 2
7 96 2
8 96 2
9 96 2
10 96 2
11 96 2
12 96 2
13 96 2
14 96 2
15 96 2
16 96 2
17 96 2
18 96 2

66
1 4
1 4
2 7
3 4
4 12

2 3
1 6
2 4
3 4

3 4
1 2
2 7
3 6
4 2

4 4
1 4
2 8
3 6
4 12

5 4
1 6
2 5
3 2
4 2

6 4
1 7
2 5
3 16
4 2

7 4
1 3
2 4
3 9
4 3

8 4
1 6
2 3
3 4
4 2

9 4
1 4
2 1
3 2
4 4

10 4
1 2
2 5
3 1
4 3

11 4
1 0
2 7
3 7
4 4

12 4
1 8
2 2
3 8
4 6

13 4
1 4
2 7
3 7
4 3

14 4
1 3
2 4
3 2
4 5

15 4
1 5
2 5
3 5
4 1

16 4
1 2
2 4
3 1
4 4

17 3
1 9
2 7
3 3

18 4
1 4
2 2
3 3
4 3

19 3
1 10
2 11
3 5

20 4
1 2
2 6
3 6
4 4

21 4
1 7
2 3
3 4
4 4

22 4
1 3
2 6
3 5
4 6

23 4
1 4
2 2
3 7
4 2

24 4
1 5
2 3
3 4
4 3

25 4
1 3
2 2
3 6
4 7

26 3
1 12
2 6
3 5

27 4
1 6
2 5
3 4
4 2

28 2
1 13
2 9

29 4
1 3
2 3
3 2
4 3

30 4
1 5
2 10
3 4
4 5

31 3
1 12
2 8
3 6

32 4
1 3
2 5
3 4
4 1

33 3
1 9
2 8
3 6

34 4
1 6
2 8
3 2
4 5

35 4
1 11
2 7
3 3
4 8

36 2
1 4
2 7

37 4
1 7
2 8
3 2
4 11

38 3
1 13
2 7
3 5

39 4
1 5
2 3
3 4
4 1

40 4
1 1
2 5
3 3
4 3

41 4
1 2
2 5
3 0
4 3

42 3
1 9
2 9
3 7

43 4
1 4
2 1
3 5
4 6

44 4
1 3
2 7
3 4
4 6

45 4
1 6
2 5
3 5
4 4

46 4
1 7
2 4
3 4
4 10

47 4
1 8
2 5
3 5
4 7

48 3
1 9
2 8
3 3

49 4
1 11
2 5
3 5
4 1

50 4
1 9
2 9
3 6
4 5

51 4
1 2
2 13
3 4
4 5

52 3
1 6
2 5
3 6

53 4
1 3
2 3
3 8
4 7

54 4
1 9
2 8
3 5
4 7

55 4
1 5
2 9
3 10
4 4

56 4
1 9
2 4
3 3
4 4

57 3
1 4
2 5
3 6

58 2
1 7
2 6

59 4
1 3
2 5
3 13
4 2

60 2
1 14
2 8

61 1
1 24

62 4
1 6
2 4
3 7
4 2

63 4
1 8
2 4
3 3
4 12

64 4
1 5
2 3
3 5
4 8

65 2
1 9
2 8

66 4
1 6
2 5
3 6
4 6

---

SEED 563472716
POPULATION: F= 65       generacja: 692  czas: 53.5367865562439 s
Problem:  DAP   Liczba chromosomów:  70         P. krosowania: 0.75     P. mutacji: 0.05