	Problem: DAP	Metoda: Evolution	SEED: 563472716	Liczba chromosomów: 400	P. krosowania:0.75	P. mutacji:0.05
Rozwi¹zanie: 28

18
1 96 2
2 96 2
3 96 2
4 96 2
5 96 2
6 96 2
7 96 2
8 96 2
9 96 2
10 96 2
11 96 2
12 96 2
13 96 2
14 96 2
15 96 2
16 96 2
17 96 2
18 96 2

66
1 4
1 4
2 6
3 3
4 5

2 3
1 7
2 5
3 5

3 4
1 3
2 4
3 5
4 4

4 4
1 4
2 5
3 0
4 1

5 4
1 5
2 5
3 5
4 2

6 4
1 9
2 5
3 3
4 3

7 4
1 1
2 11
3 1
4 2

8 4
1 8
2 4
3 3
4 3

9 4
1 10
2 0
3 5
4 4

10 4
1 1
2 5
3 4
4 4

11 4
1 3
2 4
3 2
4 3

12 4
1 5
2 1
3 5
4 1

13 4
1 3
2 3
3 7
4 3

14 4
1 8
2 2
3 1
4 6

15 4
1 4
2 4
3 4
4 2

16 4
1 1
2 5
3 5
4 2

17 3
1 3
2 4
3 4

18 4
1 7
2 2
3 7
4 4

19 3
1 10
2 6
3 2

20 4
1 3
2 8
3 3
4 2

21 4
1 4
2 9
3 2
4 4

22 4
1 5
2 5
3 2
4 3

23 4
1 4
2 3
3 4
4 4

24 4
1 3
2 8
3 4
4 4

25 4
1 6
2 3
3 3
4 7

26 3
1 3
2 11
3 3

27 4
1 3
2 3
3 3
4 2

28 2
1 9
2 6

29 4
1 3
2 2
3 4
4 3

30 4
1 2
2 5
3 2
4 1

31 3
1 5
2 2
3 5

32 4
1 3
2 5
3 3
4 0

33 3
1 5
2 2
3 5

34 4
1 4
2 4
3 0
4 3

35 4
1 4
2 3
3 1
4 3

36 2
1 6
2 5

37 4
1 3
2 2
3 8
4 2

38 3
1 8
2 3
3 6

39 4
1 7
2 3
3 5
4 5

40 4
1 1
2 3
3 4
4 5

41 4
1 5
2 1
3 2
4 5

42 3
1 6
2 3
3 6

43 4
1 6
2 4
3 2
4 1

44 4
1 6
2 5
3 1
4 7

45 4
1 5
2 5
3 3
4 2

46 4
1 3
2 3
3 3
4 4

47 4
1 2
2 3
3 8
4 6

48 3
1 5
2 8
3 6

49 4
1 1
2 4
3 3
4 4

50 4
1 4
2 3
3 6
4 4

51 4
1 4
2 4
3 2
4 3

52 3
1 7
2 5
3 6

53 4
1 2
2 5
3 8
4 4

54 4
1 3
2 6
3 3
4 4

55 4
1 3
2 8
3 3
4 2

56 4
1 4
2 6
3 1
4 2

57 3
1 3
2 5
3 8

58 2
1 8
2 10

59 4
1 5
2 0
3 7
4 3

60 2
1 15
2 3

61 1
1 14

62 4
1 1
2 4
3 9
4 4

63 4
1 6
2 4
3 3
4 7

64 4
1 4
2 2
3 5
4 7

65 2
1 8
2 2

66 4
1 1
2 3
3 6
4 7

---

