Problem: DDAP	Metoda: Evolution	SEED: 563472716	Liczba chromosomów: 400	P. krosowania:0.75	P. mutacji:0.05
Rozwi¹zanie: 46

18
1 96 2
2 96 2
3 96 2
4 96 2
5 96 2
6 96 2
7 96 2
8 96 2
9 96 2
10 96 2
11 96 2
12 96 2
13 96 2
14 96 2
15 96 2
16 96 2
17 96 2
18 96 2

66
1 4
1 9
2 5
3 5
4 8

2 3
1 4
2 7
3 3

3 4
1 7
2 5
3 3
4 2

4 4
1 5
2 12
3 8
4 5

5 4
1 2
2 5
3 6
4 2

6 4
1 9
2 5
3 11
4 5

7 4
1 6
2 7
3 1
4 5

8 4
1 2
2 4
3 6
4 3

9 4
1 4
2 4
3 2
4 1

10 4
1 1
2 7
3 1
4 2

11 4
1 1
2 9
3 3
4 5

12 4
1 1
2 9
3 7
4 7

13 4
1 6
2 1
3 10
4 4

14 4
1 2
2 4
3 7
4 1

15 4
1 6
2 4
3 3
4 3

16 4
1 3
2 3
3 1
4 4

17 3
1 9
2 5
3 5

18 4
1 3
2 2
3 3
4 4

19 3
1 5
2 11
3 10

20 4
1 6
2 6
3 4
4 2

21 4
1 6
2 2
3 2
4 8

22 4
1 9
2 1
3 8
4 2

23 4
1 1
2 6
3 3
4 5

24 4
1 5
2 3
3 4
4 3

25 4
1 3
2 6
3 7
4 2

26 3
1 8
2 9
3 6

27 4
1 6
2 2
3 6
4 3

28 2
1 12
2 10

29 4
1 4
2 2
3 3
4 2

30 4
1 4
2 9
3 7
4 4

31 3
1 9
2 4
3 13

32 4
1 0
2 5
3 6
4 2

33 3
1 11
2 8
3 4

34 4
1 5
2 5
3 7
4 4

35 4
1 10
2 4
3 8
4 7

36 2
1 7
2 4

37 4
1 5
2 8
3 11
4 4

38 3
1 14
2 7
3 4

39 4
1 4
2 2
3 4
4 3

40 4
1 3
2 3
3 3
4 3

41 4
1 5
2 1
3 2
4 2

42 3
1 12
2 5
3 8

43 4
1 5
2 1
3 6
4 4

44 4
1 11
2 1
3 5
4 3

45 4
1 4
2 9
3 5
4 2

46 4
1 6
2 11
3 3
4 5

47 4
1 4
2 5
3 10
4 6

48 3
1 8
2 8
3 4

49 4
1 6
2 2
3 5
4 9

50 4
1 9
2 8
3 5
4 7

51 4
1 7
2 5
3 7
4 5

52 3
1 8
2 6
3 3

53 4
1 8
2 5
3 2
4 6

54 4
1 5
2 7
3 7
4 10

55 4
1 12
2 5
3 5
4 6

56 4
1 1
2 6
3 7
4 6

57 3
1 6
2 4
3 5

58 2
1 6
2 7

59 4
1 7
2 3
3 9
4 4

60 2
1 12
2 10

61 1
1 24

62 4
1 1
2 8
3 4
4 6

63 4
1 6
2 8
3 8
4 5

64 4
1 8
2 4
3 6
4 3

65 2
1 9
2 8

66 4
1 4
2 8
3 5
4 6

---

